1,362,565
2,190,565
3,359,565
4,102,565
5,302,565
6,319,565
7,347,565
1,448,594
2,423,594
3,552,594
4,345,594
5,249,594
6,303,594
7,297,594
1,346,571
2,218,571
3,245,571
4,365,571
5,342,571
6,384,571
7,480,571
1,238,446
2,90,446
3,259,446
4,211,446
5,229,446
6,225,446
7,239,446
1,329,489
2,238,489
3,255,489
4,238,489
5,184,489
6,199,489
7,159,489
1,176,395
2,168,395
3,168,395
4,310,395
5,210,395
6,172,395
7,332,395
1,259,558
2,365,558
3,296,558
4,296,558
5,201,558
6,419,558
7,330,558
1,300,507
2,397,507
3,383,507
4,288,507
5,261,507
6,358,507
7,343,507
1,447,613
2,232,613
3,346,613
4,319,613
5,286,613
6,172,613
7,377,613
1,363,589
2,169,589
3,358,589
4,368,589
5,380,589
6,321,589
7,427,589
1,120,417
2,298,417
3,229,417
4,274,417
5,253,417
6,245,417
7,111,417
1,130,445
2,357,445
3,148,445
4,322,445
5,267,445
6,329,445
7,286,445
