1,301,465
2,323,465
3,282,465
4,301,465
5,301,465
6,341,465
7,310,465
1,443,561
2,386,561
3,499,561
4,475,561
5,368,561
6,483,561
7,349,561
1,259,425
2,408,425
3,347,425
4,258,425
5,269,425
6,377,425
7,259,425
1,356,466
2,389,466
3,362,466
4,356,466
5,387,466
6,338,466
7,356,466
1,289,466
2,354,466
3,319,466
4,438,466
5,341,466
6,335,466
7,341,466
1,390,450
2,274,450
3,318,450
4,326,450
5,271,450
6,374,450
7,326,450
1,307,373
2,207,373
3,282,373
4,340,373
5,209,373
6,153,373
7,263,373
1,209,345
2,238,345
3,285,345
4,291,345
5,327,345
6,223,345
7,228,345
